3383 846930886 1681692777
35 23
15 66
72 69
52 60
69 73
26 20
76 66
21 27
99 92
50 22
43 47
65 62
32 58
29 97
73 96
32 29
43 81
89 44
87 48
64 95
50 63
90 83
72 60
16 51
15 15
47 75
76 79
67 44
65 42
15 44
87 34
24 83
20 78
26 58
64 13
21 14
29 72
30 86
92 16
86 85
80 74
18 27
51 37
62 52
82 56
21 40
96 11
74 70
79 81
47 87
91 71
35 87
16 77
93 76
76 99
84 98
71 72
43 59
20 38
58 95
90 19
15 16
51 15
28 74
11 40
20 44
34 74
37 66
83 81
57 35
62 31
67 58
25 74
41 15
99 85
63 48
28 51
48 79
86 84
43 13
83 58
26 30
94 78
78 88
77 37
66 74
43 40
73 100
29 75
24 50
35 59
34 16
29 52
32 47
24 78
21 88
33 56
78 100
62 11
30 25
70 15
10 86
74 86
35 28
66 82
68 77
92 14
30 16
29 49
90 81
43 51
53 34
70 49
81 79
56 99
23 18
70 86
20 34
16 12
35 36
79 78
87 12
78 72
89 39
66 70
52 77
16 41
13 82
15 21
14 41
90 67
95 18
20 54
30 74
62 36
41 80
34 22
60 15
32 29
30 42
38 93
98 90
24 10
89 51
29 86
72 15
94 34
89 89
33 16
20 45
50 22
94 83
41 47
24 21
96 84
52 62
91 82
38 32
18 88
76 43
58 63
43 43
78 80
84 57
36 88
79 30
88 47
59 40
43 53
63 57
93 56
15 52
76 55
18 99
76 70
74 51
80 44
68 27
80 88
42 94
17 89
43 99
22 28
53 80
11 87
68 69
71 35
14 89
42 45
97 44
39 14
95 39
83 65
17 80
29 19
87 18
42 54
59 90
12 60
51 89
72 21
52 60
31 11
89 70
95 86
87 84
20 26
44 78
45 48
22 36
70 76
96 54
56 58
86 50
80 81
60 83
87 77
16 94
55 42
20 52
19 30
29 94
65 60
93 97
48 18
46 100
96 99
15 25
33 63
68 53
47 19
83 77
18 67
74 61
59 100
49 95
98 44
13 27
51 13
58 90
29 67
29 79
93 62
74 93
47 11
62 20
62 61
27 55
11 17
51 67
21 81
77 40
94 90
98 75
51 56
36 62
81 99
26 64
78 80
31 100
92 59
47 35
76 84
86 33
37 99
77 29
61 27
60 26
10 48
73 19
94 31
15 55
25 34
89 93
68 85
42 62
67 80
93 34
16 13
96 43
73 54
54 53
49 17
72 75
48 19
70 92
74 27
16 95
77 41
53 53
33 28
40 98
67 56
43 95
100 48
40 44
21 29
83 14
31 65
20 58
13 26
55 59
79 20
87 16
53 17
46 11
90 70
78 81
62 32
99 61
90 92
87 24
40 33
72 20
63 77
40 40
93 94
99 72
37 52
75 32
54 44
48 76
10 38
69 32
42 93
51 23
84 22
65 31
77 57
61 26
19 98
21 63
53 57
39 98
47 40
34 48
31 56
48 55
72 51
40 76
44 29
69 70
48 99
23 51
94 66
37 37
71 52
42 11
15 30
59 70
34 11
33 94
41 51
13 53
62 31
77 45
16 85
44 82
82 81
17 52
84 26
95 17
98 45
19 22
87 73
56 94
57 29
77 72
21 30
42 51
86 65
20 100
83 16
30 75
18 79
95 40
56 100
28 83
47 58
92 91
20 45
88 55
75 20
13 38
62 33
70 77
37 77
26 59
80 18
99 68
60 83
97 50
66 79
57 57
77 96
22 47
91 55
58 24
85 16
65 86
14 98
68 98
77 72
64 45
70 75
47 22
37 12
31 23
34 79
21 19
87 11
42 12
61 56
42 20
72 29
97 34
93 75
36 54
40 13
91 52
87 47
19 98
51 40
46 60
100 55
51 49
97 71
83 32
70 26
58 77
49 22
34 45
19 81
92 38
69 76
10 76
54 70
44 64
96 86
93 99
59 85
22 61
43 80
29 79
61 93
55 28
65 27
53 28
19 45
73 48
46 50
43 43
36 61
68 67
10 85
21 71
60 33
100 30
94 15
34 82
44 99
29 24
69 48
53 49
43 24
86 71
85 86
71 27
62 92
99 12
58 21
42 84
37 56
13 97
42 63
57 22
65 53
46 28
46 20
23 75
48 85
100 79
29 48
100 72
64 69
80 11
82 10
40 56
73 29
10 28
83 18
43 61
10 90
65 30
31 78
20 21
47 49
80 53
65 39
24 54
76 49
42 39
10 53
93 69
64 59
49 61
89 94
92 100
46 45
79 95
46 91
81 44
63 37
52 33
49 42
44 34
84 69
79 23
28 33
82 95
94 39
55 67
33 19
80 77
82 62
89 10
95 70
94 71
37 69
73 92
82 65
43 78
17 50
12 29
31 19
26 58
24 36
86 27
62 47
64 21
10 70
46 44
84 43
87 83
34 97
92 51
37 19
86 48
69 45
72 21
35 29
99 11
56 52
10 43
12 51
19 97
26 38
60 26
94 43
63 46
39 40
94 35
71 99
73 88
50 19
72 83
71 78
17 84
61 36
88 75
80 32
56 54
78 95
26 62
25 62
66 69
51 63
33 71
45 52
76 19
14 44
36 30
37 33
57 79
80 70
16 99
80 43
15 75
68 77
31 27
60 26
60 64
71 30
22 59
100 89
43 54
33 24
51 69
51 40
39 94
55 46
52 65
11 57
77 11
81 49
41 47
94 19
23 21
73 98
27 29
23 78
98 74
50 70
58 48
42 58
95 50
25 99
62 38
35 32
78 83
16 97
38 37
26 22
49 10
13 57
12 95
61 87
88 71
76 23
74 58
37 43
73 95
30 64
65 27
60 87
29 63
99 84
66 84
35 85
86 90
66 52
16 89
99 22
79 26
65 85
53 28
86 93
46 96
73 50
98 47
82 24
100 46
85 19
74 16
98 33
82 73
86 42
92 94
67 70
94 69
56 25
74 14
12 45
61 26
17 47
41 10
99 40
31 45
28 30
86 86
10 15
57 64
50 90
43 39
40 34
73 13
44 72
44 85
48 21
93 91
35 28
11 53
73 29
97 15
44 44
79 36
27 71
70 31
43 37
37 56
13 30
34 81
51 78
74 24
17 57
30 47
44 45
23 20
57 89
49 63
50 12
19 49
95 32
90 18
63 15
99 46
25 96
53 70
52 70
17 14
60 31
56 65
77 98
18 59
57 78
50 43
30 87
93 42
11 95
73 63
98 22
78 58
70 68
46 23
13 84
73 31
83 89
84 52
12 29
25 97
74 36
14 79
31 33
41 91
43 69
52 64
15 91
80 20
21 43
50 10
52 92
22 14
88 85
24 57
48 26
90 90
66 23
61 20
99 73
40 52
34 53
98 86
37 80
51 19
71 36
74 18
85 100
41 65
99 87
20 96
92 28
89 45
60 52
17 58
51 97
47 69
67 59
68 79
80 82
30 22
87 90
40 21
68 50
60 94
67 43
51 24
22 10
91 13
10 100
24 18
72 100
32 94
78 30
58 44
52 44
52 87
37 45
32 12
28 56
76 80
80 89
91 46
32 78
27 88
57 37
40 74
85 94
52 12
63 29
86 75
57 74
83 69
44 50
46 40
92 92
48 14
41 41
81 79
30 50
10 72
15 27
56 81
28 57
16 85
21 31
44 25
27 86
66 23
36 87
49 57
26 100
30 47
26 86
88 27
96 85
23 47
32 26
24 30
77 25
34 100
61 12
28 55
32 17
11 26
99 65
63 51
81 60
100 87
60 38
51 86
81 54
19 48
86 12
12 87
30 61
45 20
16 57
12 99
99 68
69 83
86 63
96 30
14 34
49 26
26 54
81 19
88 100
54 29
20 75
40 21
30 62
18 38
94 49
38 53
64 14
49 51
87 17
26 22
44 12
35 100
25 92
19 87
97 26
18 51
32 90
92 18
97 74
56 83
28 70
64 79
47 59
97 81
73 17
48 49
92 93
12 27
43 63
23 16
41 96
90 29
31 65
20 79
14 49
16 28
12 34
76 55
83 14
37 84
91 44
40 44
78 63
43 94
36 71
75 65
16 96
69 36
15 86
14 43
30 90
52 85
63 55
80 36
56 77
13 24
30 98
50 15
63 31
91 64
21 11
18 35
97 48
15 81
66 10
79 11
22 74
89 10
41 34
34 22
85 13
32 50
19 46
38 40
58 56
45 64
16 60
75 95
29 25
40 74
59 77
14 23
10 69
56 10
94 25
98 22
46 78
23 70
81 77
38 99
67 78
63 59
17 72
40 82
74 28
20 16
12 46
76 86
93 44
91 91
93 20
88 19
20 31
50 88
41 46
37 58
42 31
23 48
59 43
65 21
12 27
99 21
34 80
97 58
78 70
98 56
34 25
85 23
48 14
83 45
60 89
73 34
62 55
83 32
60 70
90 99
100 59
47 31
94 48
49 88
94 64
61 29
56 98
50 19
23 56
13 78
29 45
70 31
67 39
58 92
36 37
85 83
69 89
87 67
60 74
61 49
14 81
26 14
32 72
17 71
35 61
30 76
44 77
65 23
18 22
27 23
15 33
17 64
48 30
51 56
14 15
18 73
11 22
82 89
15 24
46 13
92 90
66 41
89 74
64 36
81 100
88 32
29 58
88 86
52 30
72 24
88 71
75 66
84 76
48 33
95 37
54 34
90 32
47 12
10 91
86 81
39 64
99 89
19 94
72 70
72 33
36 28
49 46
77 15
63 95
49 85
59 97
29 69
10 82
91 70
72 70
76 23
96 39
94 58
20 18
54 64
68 32
74 62
47 27
89 29
39 58
74 40
68 80
55 49
40 59
51 48
82 38
87 66
28 24
18 89
78 83
47 47
41 89
63 50
51 34
16 66
96 61
47 68
52 99
25 69
94 23
97 42
18 57
56 60
29 81
42 92
22 94
16 20
42 23
19 28
16 96
69 97
26 98
18 49
18 68
91 26
18 80
14 78
74 44
92 49
26 75
85 24
40 85
77 56
84 63
15 97
83 48
23 10
48 46
36 17
51 23
27 72
53 37
70 62
86 37
53 57
11 48
57 36
88 49
16 43
59 89
27 10
62 37
66 23
93 96
80 94
23 66
83 77
19 24
82 39
73 98
82 64
95 23
22 32
34 27
94 71
66 51
26 58
87 10
44 99
36 55
51 76
60 32
32 42
37 63
56 90
50 57
83 91
30 67
94 28
50 11
18 27
63 17
31 14
64 16
34 29
58 92
37 72
97 94
74 70
75 36
70 60
64 10
82 80
76 29
29 33
85 98
80 17
92 84
29 12
16 77
87 46
89 99
15 23
30 68
25 64
43 29
94 76
42 43
58 16
42 87
70 87
36 67
54 13
71 32
34 67
75 65
90 67
37 97
37 29
93 12
100 77
88 32
10 37
91 94
56 51
71 92
58 37
11 90
71 10
97 69
50 77
26 19
13 13
56 84
39 68
74 89
39 17
58 20
29 54
63 65
85 73
71 58
82 97
10 95
42 66
81 67
88 46
47 37
80 40
17 56
12 54
98 62
73 52
35 34
61 36
48 60
44 68
38 23
32 64
67 25
55 37
67 50
13 88
82 35
81 75
71 61
25 48
19 63
56 27
68 32
25 21
80 80
100 18
12 58
68 47
50 81
25 50
18 40
17 31
21 93
73 69
44 68
72 33
96 30
29 60
97 50
72 40
90 54
30 48
81 19
59 63
79 99
81 42
36 34
67 68
35 96
70 64
46 99
46 99
86 98
85 49
78 77
20 97
68 15
57 28
40 25
62 25
97 42
25 27
11 97
73 99
86 39
27 27
93 76
28 24
60 86
64 49
46 36
75 76
32 28
57 55
17 42
22 99
61 73
28 33
97 26
41 24
19 90
11 88
86 24
12 65
89 74
94 29
21 39
89 63
14 52
75 12
76 40
41 34
81 65
53 15
87 63
32 60
74 57
96 38
41 58
59 13
37 12
27 80
34 87
50 42
59 91
76 73
88 62
88 65
59 82
60 23
74 67
97 21
96 25
44 16
81 70
35 51
69 71
48 20
29 77
93 49
71 72
46 62
86 85
50 91
29 67
87 38
47 83
22 45
84 93
25 17
45 96
95 29
35 98
33 13
51 26
47 31
70 35
28 80
41 66
59 57
20 31
62 49
49 49
76 10
16 64
43 30
94 81
74 85
18 11
89 29
46 20
59 77
26 96
71 48
89 52
29 55
46 52
37 76
57 21
47 21
38 66
58 50
87 88
96 26
19 31
78 15
99 56
61 87
35 45
23 40
52 75
18 22
73 86
76 51
83 54
80 18
72 16
34 62
13 90
55 100
57 32
38 80
72 23
45 14
83 87
81 18
88 77
94 72
92 81
42 91
87 96
26 90
48 48
77 80
38 32
96 18
47 28
19 88
83 96
87 11
85 19
34 12
20 30
80 78
61 77
91 99
100 39
13 64
67 73
27 68
62 83
91 52
61 69
12 26
64 66
89 26
79 89
30 99
85 61
40 32
53 32
58 47
16 41
39 31
22 91
24 56
50 37
83 46
35 62
72 83
76 16
27 44
66 29
69 66
87 48
57 35
22 96
67 44
77 91
18 60
96 69
100 15
68 67
20 84
26 40
60 26
42 16
45 22
74 81
44 80
21 70
54 20
54 60
16 82
17 72
85 71
69 60
30 66
32 90
92 74
39 69
29 45
40 73
37 10
94 39
38 59
100 30
72 22
25 76
72 38
31 97
67 22
11 74
61 81
53 76
93 42
63 32
26 36
48 30
52 73
82 84
82 57
72 98
28 27
13 20
51 16
15 42
42 51
22 96
75 78
68 49
83 94
10 41
11 40
67 15
60 66
66 82
28 65
14 49
36 35
18 35
92 69
50 77
76 60
50 87
33 52
27 100
67 31
93 23
97 16
73 69
86 29
15 89
78 51
97 45
53 48
80 77
63 44
16 55
95 35
88 79
63 79
36 26
55 10
56 96
68 71
76 78
12 13
43 25
75 51
88 51
67 76
78 54
47 97
23 83
13 17
68 69
46 14
56 85
64 82
30 59
27 27
35 94
34 86
86 85
81 54
25 91
10 40
56 11
25 98
43 52
10 73
79 32
36 67
54 43
71 14
29 81
81 21
10 62
71 62
35 17
73 35
10 31
65 48
79 50
43 19
73 41
85 77
97 47
90 69
68 100
63 71
94 98
89 100
65 31
63 20
11 69
69 80
10 47
13 29
87 56
34 19
73 43
48 10
23 11
55 71
82 82
72 57
24 25
36 94
79 80
64 21
17 50
65 16
56 71
60 81
15 24
85 32
47 95
57 93
98 63
94 27
81 67
64 62
59 58
75 75
32 10
71 95
36 32
21 50
78 58
75 66
64 29
92 23
42 17
32 92
32 46
91 36
10 98
29 42
68 45
25 38
99 58
89 67
54 65
15 47
26 99
65 81
65 59
50 46
96 77
57 76
15 11
33 52
49 22
70 90
48 57
45 51
25 10
90 43
27 67
77 44
53 53
77 61
57 88
26 41
70 48
83 30
70 22
19 24
73 57
60 95
100 67
12 98
24 22
75 77
23 18
11 79
37 40
39 86
56 88
78 21
26 15
87 99
73 37
84 97
94 19
51 59
29 74
80 65
21 11
77 58
52 48
76 50
55 81
65 91
71 70
19 45
66 56
74 92
75 15
41 36
90 50
49 87
60 96
62 44
35 70
42 17
15 92
63 29
90 87
100 50
77 48
94 84
30 99
71 28
11 54
31 57
69 17
51 94
12 88
44 69
39 98
93 16
20 75
54 30
14 38
44 30
48 100
47 34
78 23
68 27
75 54
19 93
98 88
28 27
11 86
29 18
30 59
32 69
63 99
99 57
89 36
23 20
46 46
88 73
53 25
17 72
50 47
93 78
21 93
63 39
55 13
72 14
13 45
39 66
25 86
53 71
59 15
22 19
72 98
40 61
20 100
32 75
36 22
53 49
67 25
51 24
32 42
18 12
39 69
61 59
88 65
47 23
84 59
98 49
63 94
99 24
38 39
23 63
22 89
27 73
22 45
85 96
44 97
46 64
52 93
87 90
37 10
36 86
73 38
71 63
41 34
18 36
98 61
19 83
78 13
69 54
42 94
31 28
74 31
17 84
90 38
87 85
74 60
92 28
40 90
23 41
96 66
56 28
55 34
26 61
23 78
39 39
59 58
76 83
18 66
36 58
88 91
61 98
93 48
96 40
100 37
63 66
15 19
93 35
100 84
44 49
93 17
57 15
26 59
18 40
97 48
66 35
35 38
43 25
39 91
54 87
64 79
54 54
96 98
35 79
48 25
12 63
51 71
99 43
86 49
41 53
84 79
28 41
87 23
90 53
42 86
65 29
72 93
17 23
92 52
98 94
95 73
55 82
55 69
40 44
80 73
85 20
22 83
14 20
62 13
71 37
51 14
79 39
40 44
35 51
91 50
92 86
37 26
99 74
31 74
95 96
47 41
85 61
19 30
70 11
41 41
93 37
86 61
88 67
43 17
91 19
54 50
60 81
14 87
67 19
78 55
97 52
28 99
69 31
21 38
49 14
17 48
57 34
29 20
79 59
80 93
74 58
92 67
30 36
28 65
90 99
97 86
100 18
40 29
54 88
47 54
11 74
88 70
86 76
76 95
34 17
57 55
86 36
96 54
94 26
39 46
92 83
100 26
11 28
15 14
91 41
71 41
99 73
96 72
64 14
11 35
80 41
16 65
89 56
47 76
18 55
42 97
15 18
11 43
25 83
39 49
92 84
62 85
91 79
82 86
71 50
21 70
58 82
16 56
45 63
10 46
88 25
86 59
32 25
41 76
93 91
65 93
23 26
75 44
29 23
58 45
58 46
90 57
49 85
67 96
63 93
72 54
57 98
95 23
30 89
53 94
71 78
49 30
44 94
59 84
58 21
16 70
98 96
30 61
40 87
91 67
53 89
48 51
74 55
81 50
39 30
50 55
66 40
76 14
45 37
47 92
67 33
12 18
99 41
73 31
94 52
79 90
99 21
97 44
37 15
65 87
71 63
17 37
78 15
87 74
91 32
24 96
21 95
92 85
64 75
17 52
29 25
49 96
70 65
80 35
96 55
10 77
87 34
40 32
29 25
57 22
62 11
39 96
21 91
57 88
30 33
37 71
72 31
59 17
40 36
52 36
77 16
34 73
56 67
55 28
53 51
96 14
39 47
76 92
81 45
14 30
62 54
67 22
76 63
19 26
63 99
26 17
79 16
68 80
44 82
10 78
61 18
44 99
50 100
62 86
19 49
41 27
60 69
71 55
58 97
63 75
11 76
11 55
90 63
23 42
81 29
18 79
50 65
82 26
16 64
67 43
66 60
44 69
98 97
12 68
99 61
23 73
74 94
91 64
73 74
78 99
22 32
99 31
49 42
32 96
35 21
97 77
50 42
86 48
42 75
41 65
80 47
50 61
57 46
66 63
56 55
86 89
86 15
52 67
57 84
96 24
37 83
87 57
10 67
99 85
40 97
55 88
79 48
77 15
72 71
90 92
10 76
77 95
51 10
88 79
44 68
54 65
58 71
87 58
16 56
38 25
84 97
78 99
17 74
27 48
22 69
33 87
67 73
64 92
34 60
24 57
62 33
36 21
44 31
29 61
37 27
20 28
43 72
49 75
55 72
24 89
64 25
46 73
14 38
35 47
11 22
35 25
20 85
92 93
73 51
18 63
40 59
33 86
22 47
84 61
96 51
94 33
83 51
66 60
26 66
42 51
48 84
99 66
79 29
72 14
51 51
99 44
37 82
29 77
78 86
27 74
69 95
72 43
36 10
23 11
90 90
39 18
33 94
64 79
64 78
40 66
87 84
95 59
43 59
18 70
21 39
74 17
92 39
45 99
14 88
64 49
72 60
60 26
29 25
41 100
17 93
50 87
47 44
58 11
40 17
32 45
62 63
82 18
40 86
78 100
91 70
46 23
43 80
55 60
63 80
82 28
53 75
69 70
39 46
64 37
36 10
77 55
21 100
60 23
60 88
35 76
33 96
72 71
43 68
58 69
18 89
15 14
42 93
24 51
38 87
93 28
38 20
34 26
56 43
84 63
82 40
67 47
42 18
26 47
33 40
90 58
31 97
84 14
15 54
62 78
89 20
24 64
12 69
12 10
94 10
92 26
70 51
74 35
23 96
93 62
17 80
37 74
28 91
68 89
62 66
33 67
40 10
85 98
20 57
90 51
63 57
74 49
40 27
53 13
19 73
51 64
94 62
59 20
31 41
30 48
71 92
48 18
99 81
61 62
33 65
61 86
65 99
54 70
82 54
85 71
12 23
76 53
95 15
57 77
63 75
81 95
89 74
23 41
88 34
16 13
100 47
67 60
20 76
47 37
79 92
92 34
59 77
19 74
24 28
27 32
41 12
11 35
94 44
55 19
60 68
68 60
34 48
97 45
31 79
79 22
47 30
96 71
58 13
35 99
68 46
35 73
80 23
92 31
23 33
29 91
76 89
57 15
88 88
67 33
28 70
23 83
12 41
84 48
47 19
32 29
92 97
11 79
71 32
26 18
82 61
38 64
80 59
30 62
95 13
100 55
74 88
12 39
70 83
21 57
10 74
26 13
38 53
31 11
46 42
81 11
57 100
24 47
30 11
53 49
65 48
81 69
67 23
76 25
36 10
67 15
56 19
99 13
56 66
93 22
92 13
34 35
64 83
33 44
25 46
45 24
69 11
49 16
60 31
48 92
79 49
38 73
83 98
27 65
44 33
40 77
84 34
44 19
58 45
31 82
47 99
76 10
38 49
51 31
12 98
43 15
19 77
59 18
75 75
52 51
94 42
96 57
39 68
36 71
76 47
41 10
40 90
35 91
50 10
39 95
29 48
62 20
70 95
50 11
11 92
63 37
66 84
17 56
20 11
55 34
42 65
73 69
26 53
22 88
51 92
33 35
58 57
33 59
11 74
97 77
81 30
60 27
83 52
14 50
26 11
13 96
37 67
50 15
50 74
62 84
10 31
75 70
84 81
99 94
94 14
52 60
30 36
74 80
85 25
23 54
92 73
75 37
63 49
78 73
80 43
75 97
56 64
81 40
57 72
55 41
22 17
10 28
97 12
28 99
37 33
100 95
93 80
58 56
66 92
20 63
43 77
67 30
51 21
47 61
49 76
66 94
20 26
83 99
59 33
61 100
16 31
91 54
19 47
36 22
67 32
77 99
69 18
11 79
60 14
77 87
34 60
24 52
57 98
76 11
60 96
58 96
50 58
18 47
25 50
48 43
61 96
54 53
21 30
76 14
23 100
21 90
51 28
63 88
11 87
69 67
66 26
100 55
53 100
84 64
39 31
62 60
11 43
39 59
42 50
66 62
51 23
18 78
72 23
11 72
55 67
15 88
31 87
70 66
62 62
33 41
34 93
15 84
49 77
26 96
36 76
51 89
38 88
53 16
96 17
100 87
44 98
82 92
78 29
65 12
81 19
48 87
76 55
17 34
43 56
13 29
72 46
31 65
42 19
79 80
44 47
92 54
80 89
61 20
19 27
75 24
87 75
12 29
79 53
77 84
51 36
84 21
80 63
63 11
45 24
88 96
85 44
73 72
21 72
96 17
40 75
87 86
59 55
60 80
25 56
33 37
33 82
61 12
69 78
52 12
58 78
34 63
40 62
12 73
15 45
68 35
64 17
90 56
29 85
36 77
78 90
36 46
32 85
100 90
95 66
43 68
61 56
73 53
71 51
11 38
70 19
61 32
67 64
27 42
100 52
80 73
30 44
90 20
25 75
87 33
38 56
39 91
60 90
35 98
95 37
49 46
69 42
28 48
74 23
32 86
28 62
21 83
46 15
60 88
91 98
35 20
11 27
46 57
27 16
85 48
46 94
12 69
16 99
29 79
52 79
52 30
94 44
75 74
85 27
85 27
64 96
80 99
97 34
40 33
18 94
34 77
15 63
88 67
32 72
97 59
24 12
81 94
97 16
53 93
40 63
39 32
93 73
16 24
98 51
46 46
79 11
83 33
70 89
71 26
33 84
10 20
100 64
46 40
41 79
68 24
85 72
41 24
32 38
70 43
84 13
16 83
37 78
70 52
52 22
85 68
15 42
42 27
66 39
43 77
50 51
11 100
95 35
27 37
53 79
59 70
86 60
17 18
86 61
100 20
65 30
63 67
70 72
65 52
55 77
50 46
17 46
21 54
31 100
33 51
69 98
69 20
88 90
85 50
85 80
46 42
30 29
82 81
30 96
29 85
17 62
21 93
17 76
71 47
35 91
25 15
67 37
58 79
11 63
82 78
12 90
86 85
76 48
60 25
42 81
44 30
84 77
52 97
67 96
42 100
65 100
96 43
91 64
55 71
82 30
37 62
22 35
39 65
19 87
32 71
74 67
71 41
58 32
67 60
38 48
14 25
51 28
98 20
91 10
14 17
46 59
56 43
79 75
82 40
75 85
75 79
23 80
74 22
30 70
86 27
53 47
15 73
28 68
88 45
46 79
34 89
48 97
63 81
38 46
43 49
13 13
24 86
57 27
17 80
41 74
44 69
32 64
47 78
33 13
100 14
54 19
77 26
14 47
57 97
42 73
20 100
100 15
70 56
81 46
58 46
37 56
76 50
88 90
99 62
54 78
67 43
65 87
40 78
72 13
79 92
49 59
70 50
96 59
16 78
37 38
73 35
27 67
21 66
64 72
42 75
82 40
37 15
95 48
18 96
72 67
88 33
49 92
85 61
35 90
97 47
50 32
67 47
32 22
19 37
46 49
55 32
53 55
52 86
59 34
34 62
69 14
91 31
70 78
27 47
57 70
34 54
83 95
19 26
40 71
45 76
62 87
96 81
42 36
68 75
36 69
13 26
60 15
34 26
12 89
39 67
11 44
88 64
22 88
92 35
22 25
30 62
98 62
66 21
55 92
13 70
17 39
15 80
54 36
80 66
79 14
86 33
78 58
19 83
76 81
64 76
20 97
64 45
43 24
62 82
81 100
95 26
68 65
24 37
11 90
26 15
76 29
16 98
66 50
24 62
95 67
19 89
82 100
11 67
16 79
64 40
49 75
82 94
97 79
87 55
94 95
89 13
43 77
50 60
75 62
45 32
13 67
46 78
62 90
34 29
55 86
32 92
59 71
58 81
31 95
38 75
84 86
20 66
61 30
27 68
37 82
55 87
58 63
90 55
61 46
88 92
52 74
22 38
48 84
100 44
82 52
75 52
44 81
47 100
17 66
48 12
47 96
40 74
88 23
16 94
56 80
98 96
37 41
13 85
93 88
85 36
23 56
15 13
74 14
18 61
89 18
95 56
44 90
44 14
10 73
65 89
76 93
22 13
68 100
36 57
91 63
20 84
81 13
99 46
23 95
35 67
11 81
60 84
79 81
92 74
76 30
20 34
21 56
23 69
80 86
21 96
58 76
24 89
54 47
89 56
33 17
49 28
88 32
36 94
67 74
20 30
21 84
92 57
86 36
36 25
58 82
81 91
100 20
72 60
40 97
24 34
96 71
41 71
69 43
34 25
92 24
18 49
51 62
74 23
82 37
83 12
73 37
98 40
81 36
42 79
51 38
99 27
55 99
46 36
82 79
99 47
34 71
16 16
89 52
95 87
40 25
58 77
32 72
72 16
43 47
38 35
69 13
71 84
92 60
21 16
64 79
65 80
58 65
78 48
22 68
57 15
19 19
49 26
96 75
61 89
34 74
51 56
43 71
39 40
31 51
31 28
67 88
85 100
39 21
26 67
82 47
34 89
30 84
77 88
82 45
60 16
55 91
67 22
99 64
90 77
39 12
76 52
42 97
78 57
75 90
88 92
100 94
70 72
29 20
20 16
44 87
52 66
76 88
44 87
51 53
85 93
40 95
25 84
42 32
62 14
96 88
84 100
50 37
10 66
81 98
50 79
56 58
40 34
91 24
87 49
60 93
76 25
39 72
20 53
70 91
48 39
34 47
10 64
97 21
60 44
11 10
34 57
29 32
89 15
45 55
83 84
60 69
51 33
71 32
82 61
52 62
48 13
24 17
46 76
52 84
31 85
32 76
73 47
92 23
40 94
74 97
38 19
98 37
80 82
31 19
88 44
85 38
90 52
90 15
48 47
65 70
55 28
80 93
89 57
95 93
28 13
85 96
28 36
73 53
44 95
66 85
90 41
65 77
73 47
95 94
85 42
79 69
16 82
33 28
69 33
12 93
18 50
50 19
25 87
66 42
77 68
47 56
95 74
32 27
43 33
72 71
24 48
31 93
97 64
38 12
83 20
34 45
81 76
44 56
43 44
31 29
98 43
28 60
34 76
64 14
95 84
43 50
54 55
65 74
50 99
52 21
65 96
77 40
72 21
87 28
82 54
36 78
45 92
63 61
25 45
48 12
54 62
100 16
97 24
25 28
96 70
32 19
73 41
24 33
55 78
69 23
55 51
18 49
64 29
63 64
83 15
96 80
73 84
36 31
44 23
84 38
13 15
63 47
73 48
67 61
32 86
40 40
29 36
44 51
65 14
56 39
51 87
15 11
65 90
49 78
38 15
82 76
64 40
27 96
58 69
68 30
30 66
74 87
63 21
33 11
49 52
22 32
71 83
98 85
14 94
57 83
12 42
81 35
33 78
94 97
31 17
21 35
70 71
19 24
52 28
90 96
34 11
90 37
60 63
50 65
37 63
32 41
70 51
96 27
15 45
90 92
93 30
96 100
13 82
66 24
86 46
36 44
34 36
39 38
95 65
30 88
32 78
71 34
41 62
20 31
98 74
11 34
68 47
76 13
44 83
54 96
82 92
21 90
71 72
68 82
29 28
13 24
48 87
74 83
38 94
83 74
91 41
19 26
15 73
54 29
56 75
71 36
36 33
36 29
47 57
21 38
80 95
11 19
66 38
63 44
16 36
63 42
51 27
96 13
83 61
84 51
97 49
19 58
96 16
89 80
86 29
52 63
67 87
58 95
65 77
78 24
63 91
39 56
65 90
85 46
41 33
33 57
81 54
69 57
88 67
87 72
62 44
49 11
88 42
38 85
98 38
95 60
77 32
90 14
93 50
72 49
49 76
25 15
54 45
100 92
20 41
99 19
88 19
57 80
46 49
48 10
40 91
21 33
36 52
90 53
48 60
93 92
22 46
23 11
72 55
14 36
62 19
77 85
69 30
12 33
12 70
85 34
70 82
89 23
44 44
76 41
88 39
28 90
65 96